1 1 0 1 1 1
1 2 0 0 1 1
1 3 0 0 1 0
1 4 0 0 1 1
1 5 1 0 1 0
1 6 1 1 1 0
1 7 0 1 1 1
1 8 0 0 1 1
1 9 1 0 1 0
1 10 0 1 1 0
1 11 0 0 1 1
1 12 0 0 1 1
1 13 1 0 1 0
1 14 0 1 1 0
1 15 0 0 1 0
1 16 0 0 1 0
1 17 0 0 1 0
1 18 0 0 1 0
1 19 0 0 1 0
1 20 1 0 1 0
2 1 0 1 1 0
2 2 1 0 1 1
2 3 1 1 0 0
2 4 1 1 1 0
2 5 1 1 0 0
2 6 0 1 0 0
2 7 0 0 1 1
2 8 1 0 1 1
2 9 1 1 0 0
2 10 1 1 0 1
2 11 0 1 1 1
2 12 0 0 1 1
2 13 1 0 0 0
2 14 0 1 0 0
2 15 0 0 0 0
2 16 0 0 0 0
2 17 0 0 0 0
2 18 0 0 0 0
2 19 0 0 0 0
2 20 1 0 0 0
3 1 0 1 0 1
3 2 0 0 1 1
3 3 0 0 0 1
3 4 1 0 0 1
3 5 1 1 0 0
3 6 1 1 0 1
3 7 1 1 1 0
3 8 0 1 1 0
3 9 1 0 0 1
3 10 0 1 1 0
3 11 0 0 1 1
3 12 1 0 1 0
3 13 1 1 0 0
3 14 0 1 0 0
3 15 0 0 0 0
3 16 0 0 0 0
3 17 0 0 0 0
3 18 0 0 0 0
3 19 0 0 0 0
3 20 1 0 0 0
4 1 1 1 1 0
4 2 0 1 1 1
4 3 1 0 1 1
4 4 0 1 1 0
4 5 0 0 0 1
4 6 0 0 1 1
4 7 1 0 0 1
4 8 1 1 0 0
4 9 1 1 1 1
4 10 1 1 0 0
4 11 1 1 1 1
4 12 1 1 0 0
4 13 1 1 0 0
4 14 0 1 0 0
4 15 0 0 0 0
4 16 0 0 0 0
4 17 0 0 0 0
4 18 0 0 0 0
4 19 0 0 0 0
4 20 1 0 0 0
5 1 0 1 0 0
5 2 0 0 1 1
5 3 1 0 1 1
5 4 1 1 0 0
5 5 1 1 1 0
5 6 0 1 1 1
5 7 1 0 1 0
5 8 0 1 0 1
5 9 0 0 1 1
5 10 1 0 0 1
5 11 0 1 1 0
5 12 1 0 0 1
5 13 1 1 0 0
5 14 0 1 0 0
5 15 0 0 0 0
5 16 0 0 0 0
5 17 0 0 0 0
5 18 0 0 0 0
5 19 0 0 0 0
5 20 1 0 0 0
6 1 1 1 0 0
6 2 0 1 1 1
6 3 1 0 1 1
6 4 1 1 0 0
6 5 0 1 0 0
6 6 0 0 1 1
6 7 0 0 0 0
6 8 0 0 1 1
6 9 0 0 1 1
6 10 0 0 1 1
6 11 1 0 0 0
6 12 0 1 1 1
6 13 1 0 0 0
6 14 0 1 0 0
6 15 0 0 0 0
6 16 0 0 0 0
6 17 0 0 0 0
6 18 0 0 0 0
6 19 0 0 0 0
6 20 1 0 0 0
7 1 0 1 0 1
7 2 0 0 1 1
7 3 0 0 1 1
7 4 0 0 0 1
7 5 1 0 0 1
7 6 0 1 1 0
7 7 1 0 0 1
7 8 0 1 1 0
7 9 0 0 1 1
7 10 1 0 1 0
7 11 0 1 0 1
7 12 1 0 1 0
7 13 1 1 0 0
7 14 0 1 0 0
7 15 0 0 0 0
7 16 0 0 0 0
7 17 0 0 0 0
7 18 0 0 0 0
7 19 0 0 0 0
7 20 1 0 0 0
8 1 0 1 1 1
8 2 0 0 1 1
8 3 0 0 1 1
8 4 0 0 1 1
8 5 0 0 1 1
8 6 1 0 0 1
8 7 0 1 1 0
8 8 1 0 0 1
8 9 1 1 1 0
8 10 1 1 0 0
8 11 1 1 1 1
8 12 1 1 0 0
8 13 1 1 0 0
8 14 0 1 0 0
8 15 0 0 0 0
8 16 0 0 0 0
8 17 0 0 0 0
8 18 0 0 0 0
8 19 0 0 0 0
8 20 1 0 0 0
9 1 0 1 1 0
9 2 1 0 1 0
9 3 1 1 1 0
9 4 0 1 1 0
9 5 1 0 1 0
9 6 1 1 1 0
9 7 1 1 0 0
9 8 0 1 1 1
9 9 1 0 0 1
9 10 0 1 0 1
9 11 0 0 1 1
9 12 1 0 0 1
9 13 1 1 0 0
9 14 0 1 0 0
9 15 0 0 0 0
9 16 0 0 0 0
9 17 0 0 0 0
9 18 0 0 0 0
9 19 0 0 0 0
9 20 1 0 0 0
10 1 0 1 0 1
10 2 1 0 0 1
10 3 1 1 0 0
10 4 0 1 0 1
10 5 1 0 0 0
10 6 1 1 0 0
10 7 1 1 0 0
10 8 0 1 1 1
10 9 0 0 1 1
10 10 0 0 1 1
10 11 0 0 1 1
10 12 0 0 1 1
10 13 1 0 0 0
10 14 0 1 0 0
10 15 0 0 0 0
10 16 0 0 0 0
10 17 0 0 0 0
10 18 0 0 0 0
10 19 0 0 0 0
10 20 1 0 0 0
11 1 0 1 1 0
11 2 0 0 1 1
11 3 1 0 0 0
11 4 0 1 1 0
11 5 1 0 0 1
11 6 1 1 0 0
11 7 0 1 0 1
11 8 0 0 1 0
11 9 0 0 1 1
11 10 0 0 1 0
11 11 0 0 1 1
11 12 1 0 1 1
11 13 1 1 0 0
11 14 0 1 0 0
11 15 0 0 0 0
11 16 0 0 0 0
11 17 0 0 0 0
11 18 0 0 0 0
11 19 0 0 0 0
11 20 1 0 0 0
12 1 1 1 0 0
12 2 1 1 1 0
12 3 1 1 0 0
12 4 1 1 0 0
12 5 0 1 1 1
12 6 0 0 0 1
12 7 1 0 1 1
12 8 1 1 0 0
12 9 1 1 1 1
12 10 1 1 0 0
12 11 0 1 1 0
12 12 0 0 1 1
12 13 1 0 0 1
12 14 0 1 0 0
12 15 0 0 0 0
12 16 0 0 0 0
12 17 0 0 0 0
12 18 0 0 0 0
12 19 0 0 0 0
12 20 1 0 0 0
13 1 1 1 0 0
13 2 1 1 0 0
13 3 1 1 0 0
13 4 0 1 0 1
13 5 0 0 1 1
13 6 0 0 1 1
13 7 0 0 1 1
13 8 1 0 0 1
13 9 0 1 1 0
13 10 1 0 0 1
13 11 1 1 0 0
13 12 0 1 1 0
13 13 1 0 1 1
13 14 0 1 0 0
13 15 0 0 0 0
13 16 0 0 0 0
13 17 0 0 0 0
13 18 0 0 0 0
13 19 0 0 0 0
13 20 1 0 0 0
14 1 1 1 0 0
14 2 1 1 0 0
14 3 0 1 0 1
14 4 0 0 1 1
14 5 0 0 1 1
14 6 0 0 1 1
14 7 0 0 1 1
14 8 0 0 1 1
14 9 1 0 0 1
14 10 0 1 1 0
14 11 0 0 0 1
14 12 1 0 0 1
14 13 1 1 1 0
14 14 0 1 0 0
14 15 0 0 0 0
14 16 0 0 0 0
14 17 0 0 0 0
14 18 0 0 0 0
14 19 0 0 0 0
14 20 1 0 0 0
15 1 1 1 0 0
15 2 0 1 0 1
15 3 1 0 1 0
15 4 0 1 1 0
15 5 0 0 1 1
15 6 0 0 1 1
15 7 0 0 1 0
15 8 0 0 1 1
15 9 0 0 1 1
15 10 0 0 0 1
15 11 0 0 1 1
15 12 0 0 1 1
15 13 1 0 0 1
15 14 0 1 0 0
15 15 0 0 0 0
15 16 0 0 0 0
15 17 0 0 0 0
15 18 0 0 0 0
15 19 0 0 0 0
15 20 1 0 0 0
16 1 1 1 0 0
16 2 1 1 1 1
16 3 1 1 0 0
16 4 0 1 0 0
16 5 1 0 1 0
16 6 1 1 1 0
16 7 1 1 0 1
16 8 1 1 1 0
16 9 0 1 1 1
16 10 0 0 1 1
16 11 0 0 1 1
16 12 1 0 1 1
16 13 1 1 1 0
16 14 0 1 0 0
16 15 0 0 0 0
16 16 0 0 0 0
16 17 0 0 0 0
16 18 0 0 0 0
16 19 0 0 0 0
16 20 1 0 0 0
17 1 0 1 0 1
17 2 0 0 1 1
17 3 1 0 0 1
17 4 1 1 0 1
17 5 0 1 0 1
17 6 0 0 0 1
17 7 0 0 1 1
17 8 0 0 0 1
17 9 0 0 1 1
17 10 0 0 1 1
17 11 0 0 1 1
17 12 0 0 1 1
17 13 1 0 0 1
17 14 0 1 0 0
17 15 0 0 0 0
17 16 0 0 0 0
17 17 0 0 0 0
17 18 0 0 0 0
17 19 0 0 0 0
17 20 1 0 0 0
18 1 0 1 1 0
18 2 0 0 1 0
18 3 0 0 1 0
18 4 0 0 1 0
18 5 0 0 1 0
18 6 0 0 1 0
18 7 0 0 1 0
18 8 0 0 1 0
18 9 0 0 1 0
18 10 0 0 1 0
18 11 0 0 1 0
18 12 0 0 1 0
18 13 0 0 1 0
18 14 0 0 0 0
18 15 0 0 0 0
18 16 0 0 0 0
18 17 0 0 0 0
18 18 0 0 0 0
18 19 0 0 0 0
18 20 1 0 0 0
19 1 0 1 0 0
19 2 0 0 0 0
19 3 0 0 0 0
19 4 0 0 0 0
19 5 0 0 0 0
19 6 0 0 0 0
19 7 0 0 0 0
19 8 0 0 0 0
19 9 0 0 0 0
19 10 0 0 0 0
19 11 0 0 0 0
19 12 0 0 0 0
19 13 0 0 0 0
19 14 0 0 0 0
19 15 0 0 0 0
19 16 0 0 0 0
19 17 0 0 0 0
19 18 0 0 0 0
19 19 0 0 0 0
19 20 1 0 0 0
20 1 0 1 0 1
20 2 0 0 0 1
20 3 0 0 0 1
20 4 0 0 0 1
20 5 0 0 0 1
20 6 0 0 0 1
20 7 0 0 0 1
20 8 0 0 0 1
20 9 0 0 0 1
20 10 0 0 0 1
20 11 0 0 0 1
20 12 0 0 0 1
20 13 0 0 0 1
20 14 0 0 0 1
20 15 0 0 0 1
20 16 0 0 0 1
20 17 0 0 0 1
20 18 0 0 0 1
20 19 0 0 0 1
20 20 1 0 0 1
